2, 2, 1
3, 6, 2
4, 4, 2
4, 12, 3
5, 20, 4
6, 3, 2
6, 6, 3
6, 12, 4
6, 30, 5
7, 42, 6
8, 8, 4
8, 24, 6
8, 56, 7
9, 18, 6
9, 72, 8
10, 10, 5
10, 15, 6
10, 40, 8
10, 90, 9
11, 110, 10
12, 4, 3
12, 6, 4
12, 12, 6
12, 24, 8
12, 36, 9
12, 60, 10
12, 132, 11
13, 156, 12
14, 14, 7
14, 35, 10
14, 84, 12
14, 182, 13
15, 10, 6
15, 30, 10
15, 60, 12
15, 210, 14
16, 16, 8
16, 48, 12
16, 112, 14
16, 240, 15
17, 272, 16
18, 9, 6
18, 18, 9
18, 36, 12
18, 63, 14
18, 90, 15
18, 144, 16
18, 306, 17
19, 342, 18
20, 5, 4
20, 20, 10
20, 30, 12
20, 60, 15
20, 80, 16
20, 180, 18
20, 380, 19
21, 28, 12
21, 42, 14
21, 126, 18
21, 420, 20
22, 22, 11
22, 99, 18
22, 220, 20
22, 462, 21
23, 506, 22
24, 8, 6
24, 12, 8
24, 24, 12
24, 40, 15
24, 48, 16
24, 72, 18
24, 120, 20
24, 168, 21
24, 264, 22
24, 552, 23
25, 100, 20
25, 600, 24
26, 26, 13
26, 143, 22
26, 312, 24
26, 650, 25
27, 54, 18
27, 216, 24
27, 702, 26
28, 21, 12
28, 28, 14
28, 70, 20
28, 84, 21
28, 168, 24
28, 364, 26
28, 756, 27
29, 812, 28
30, 6, 5
30, 15, 10
30, 20, 12
30, 30, 15
30, 45, 18
30, 60, 20
30, 70, 21
30, 120, 24
30, 150, 25
30, 195, 26
30, 270, 27
30, 420, 28
30, 870, 29
31, 930, 30
32, 32, 16
32, 96, 24
32, 224, 28
32, 480, 30
32, 992, 31
33, 66, 22
33, 88, 24
33, 330, 30
34, 34, 17
34, 255, 30
34, 544, 32
35, 14, 10
35, 140, 28
35, 210, 30
36, 12, 9
36, 18, 12
36, 36, 18
36, 45, 20
36, 72, 24
36, 108, 27
36, 126, 28
36, 180, 30
36, 288, 32
36, 396, 33
36, 612, 34
38, 38, 19
38, 323, 34
38, 684, 36
39, 78, 26
39, 130, 30
39, 468, 36
40, 10, 8
40, 24, 15
40, 40, 20
40, 60, 24
40, 120, 30
40, 160, 32
40, 280, 35
40, 360, 36
40, 760, 38
42, 7, 6
42, 21, 14
42, 42, 21
42, 56, 24
42, 84, 28
42, 105, 30
42, 154, 33
42, 210, 35
42, 252, 36
42, 399, 38
42, 546, 39
42, 840, 40
44, 44, 22
44, 77, 28
44, 132, 33
44, 198, 36
44, 440, 40
44, 924, 42
45, 30, 18
45, 36, 20
45, 90, 30
45, 180, 36
45, 360, 40
45, 630, 42
46, 46, 23
46, 483, 42
48, 16, 12
48, 24, 16
48, 48, 24
48, 80, 30
48, 96, 32
48, 144, 36
48, 208, 39
48, 240, 40
48, 336, 42
48, 528, 44
48, 720, 45
49, 294, 42
50, 50, 25
50, 75, 30
50, 200, 40
50, 450, 45
50, 575, 46
51, 102, 34
51, 238, 42
51, 816, 48
52, 52, 26
52, 117, 36
52, 156, 39
52, 286, 44
52, 624, 48
54, 27, 18
54, 54, 27
54, 108, 36
54, 189, 42
54, 270, 45
54, 432, 48
54, 675, 50
54, 918, 51
55, 66, 30
55, 220, 44
55, 550, 50
56, 8, 7
56, 42, 24
56, 56, 28
56, 140, 40
56, 168, 42
56, 336, 48
56, 392, 49
56, 728, 52
57, 114, 38
57, 304, 48
58, 58, 29
58, 783, 54
60, 12, 10
60, 15, 12
60, 20, 15
60, 30, 20
60, 40, 24
60, 60, 30
60, 84, 35
60, 90, 36
60, 120, 40
60, 140, 42
60, 165, 44
60, 180, 45
60, 240, 48
60, 300, 50
60, 340, 51
60, 390, 52
60, 540, 54
60, 660, 55
60, 840, 56
62, 62, 31
62, 899, 58
63, 18, 14
63, 84, 36
63, 126, 42
63, 378, 54
63, 504, 56
64, 64, 32
64, 192, 48
64, 448, 56
64, 960, 60
65, 104, 40
65, 260, 52
65, 780, 60
66, 33, 22
66, 55, 30
66, 66, 33
66, 132, 44
66, 176, 48
66, 297, 54
66, 330, 55
66, 418, 57
66, 660, 60
68, 68, 34
68, 204, 51
68, 221, 52
68, 510, 60
69, 138, 46
69, 460, 60
70, 28, 20
70, 30, 21
70, 70, 35
70, 105, 42
70, 126, 45
70, 175, 50
70, 280, 56
70, 420, 60
70, 630, 63
70, 910, 65
72, 9, 8
72, 24, 18
72, 36, 24
72, 72, 36
72, 90, 40
72, 120, 45
72, 144, 48
72, 216, 54
72, 252, 56
72, 360, 60
72, 504, 63
72, 576, 64
72, 792, 66
74, 74, 37
75, 50, 30
75, 150, 50
75, 300, 60
75, 550, 66
76, 76, 38
76, 228, 57
76, 285, 60
76, 646, 68
77, 44, 28
77, 462, 66
77, 770, 70
78, 39, 26
78, 78, 39
78, 91, 42
78, 156, 52
78, 260, 60
78, 390, 65
78, 429, 66
78, 598, 69
78, 936, 72
80, 20, 16
80, 48, 30
80, 80, 40
80, 120, 48
80, 176, 55
80, 240, 60
80, 320, 64
80, 560, 70
80, 720, 72
81, 162, 54
81, 648, 72
82, 82, 41
84, 14, 12
84, 28, 21
84, 42, 28
84, 60, 35
84, 63, 36
84, 84, 42
84, 112, 48
84, 168, 56
84, 210, 60
84, 252, 63
84, 308, 66
84, 357, 68
84, 420, 70
84, 504, 72
84, 700, 75
84, 798, 76
84, 924, 77
85, 204, 60
85, 340, 68
86, 86, 43
87, 174, 58
87, 754, 78
88, 33, 24
88, 88, 44
88, 154, 56
88, 264, 66
88, 396, 72
88, 616, 77
88, 880, 80
90, 10, 9
90, 18, 15
90, 45, 30
90, 60, 36
90, 72, 40
90, 90, 45
90, 135, 54
90, 180, 60
90, 210, 63
90, 234, 65
90, 315, 70
90, 360, 72
90, 450, 75
90, 585, 78
90, 720, 80
90, 810, 81
91, 78, 42
91, 546, 78
92, 92, 46
92, 276, 69
92, 437, 76
92, 966, 84
93, 186, 62
93, 868, 84
94, 94, 47
95, 266, 70
95, 380, 76
96, 32, 24
96, 48, 32
96, 96, 48
96, 160, 60
96, 192, 64
96, 288, 72
96, 416, 78
96, 480, 80
96, 672, 84
96, 928, 87
98, 98, 49
98, 245, 70
98, 588, 84
99, 22, 18
99, 198, 66
99, 264, 72
99, 792, 88
99, 990, 90
100, 25, 20
100, 100, 50
100, 150, 60
100, 300, 75
100, 400, 80
100, 525, 84
100, 900, 90
102, 51, 34
102, 102, 51
102, 187, 66
102, 204, 68
102, 476, 84
102, 510, 85
102, 765, 90
104, 65, 40
104, 104, 52
104, 234, 72
104, 312, 78
104, 572, 88
104, 728, 91
105, 42, 30
105, 70, 42
105, 120, 56
105, 140, 60
105, 210, 70
105, 336, 80
105, 420, 84
105, 630, 90
106, 106, 53
108, 36, 27
108, 54, 36
108, 108, 54
108, 135, 60
108, 216, 72
108, 324, 81
108, 378, 84
108, 540, 90
108, 621, 92
108, 864, 96
110, 11, 10
110, 110, 55
110, 132, 60
110, 165, 66
110, 374, 85
110, 440, 88
110, 495, 90
110, 990, 99
111, 222, 74
112, 16, 14
112, 84, 48
112, 112, 56
112, 144, 63
112, 280, 80
112, 336, 84
112, 672, 96
112, 784, 98
114, 57, 38
114, 114, 57
114, 228, 76
114, 247, 78
114, 570, 95
114, 608, 96
114, 969, 102
115, 414, 90
115, 460, 92
116, 116, 58
116, 348, 87
116, 725, 100
117, 52, 36
117, 234, 78
117, 390, 90
117, 936, 104
118, 118, 59
119, 170, 70
119, 714, 102
120, 24, 20
120, 30, 24
120, 40, 30
120, 60, 40
120, 72, 45
120, 80, 48
120, 105, 56
120, 120, 60
120, 168, 70
120, 180, 72
120, 200, 75
120, 240, 80
120, 280, 84
120, 330, 88
120, 360, 90
120, 456, 95
120, 480, 96
120, 600, 100
120, 680, 102
120, 780, 104
120, 840, 105
122, 122, 61
123, 246, 82
124, 124, 62
124, 372, 93
124, 837, 108
125, 500, 100
126, 21, 18
126, 36, 28
126, 63, 42
126, 70, 45
126, 126, 63
126, 168, 72
126, 198, 77
126, 252, 84
126, 315, 90
126, 441, 98
126, 462, 99
126, 630, 105
126, 756, 108
128, 128, 64
128, 384, 96
128, 896, 112
129, 258, 86
130, 39, 30
130, 130, 65
130, 195, 78
130, 208, 80
130, 520, 104
130, 546, 105
130, 715, 110
132, 12, 11
132, 44, 33
132, 66, 44
132, 110, 60
132, 132, 66
132, 231, 84
132, 264, 88
132, 352, 96
132, 396, 99
132, 594, 108
132, 660, 110
132, 836, 114
132, 957, 116
133, 228, 84
133, 798, 114
134, 134, 67
135, 90, 54
135, 108, 60
135, 270, 90
135, 540, 108
135, 594, 110
136, 136, 68
136, 153, 72
136, 408, 102
136, 442, 104
136, 952, 119
138, 69, 46
138, 138, 69
138, 276, 92
138, 391, 102
138, 690, 115
138, 920, 120
140, 35, 28
140, 56, 40
140, 60, 42
140, 105, 60
140, 140, 70
140, 210, 84
140, 252, 90
140, 260, 91
140, 350, 100
140, 420, 105
140, 560, 112
140, 644, 115
140, 840, 120
141, 282, 94
142, 142, 71
143, 26, 22
144, 18, 16
144, 48, 36
144, 72, 48
144, 112, 63
144, 144, 72
144, 180, 80
144, 240, 90
144, 288, 96
144, 432, 108
144, 504, 112
144, 624, 117
144, 720, 120
145, 580, 116
145, 696, 120
146, 146, 73
147, 196, 84
147, 294, 98
147, 882, 126
148, 148, 74
148, 444, 111
150, 30, 25
150, 75, 50
150, 100, 60
150, 150, 75
150, 225, 90
150, 300, 100
150, 350, 105
150, 475, 114
150, 600, 120
150, 750, 125
150, 975, 130
152, 152, 76
152, 209, 88
152, 456, 114
152, 570, 120
153, 136, 72
153, 306, 102
153, 714, 126
154, 42, 33
154, 88, 56
154, 154, 77
154, 330, 105
154, 385, 110
154, 693, 126
154, 924, 132
155, 620, 124
155, 806, 130
156, 13, 12
156, 52, 39
156, 78, 52
156, 156, 78
156, 182, 84
156, 312, 104
156, 351, 108
156, 468, 117
156, 520, 120
156, 780, 130
156, 858, 132
158, 158, 79
159, 318, 106
160, 40, 32
160, 96, 60
160, 160, 80
160, 240, 96
160, 352, 110
160, 480, 120
160, 640, 128
160, 864, 135
161, 368, 112
161, 966, 138
162, 81, 54
162, 162, 81
162, 324, 108
162, 567, 126
162, 810, 135
164, 164, 82
164, 492, 123
165, 60, 44
165, 110, 66
165, 198, 90
165, 330, 110
165, 440, 120
165, 660, 132
165, 924, 140
166, 166, 83
168, 24, 21
168, 28, 24
168, 56, 42
168, 84, 56
168, 120, 70
168, 126, 72
168, 168, 84
168, 224, 96
168, 273, 104
168, 280, 105
168, 336, 112
168, 408, 119
168, 420, 120
168, 504, 126
168, 616, 132
168, 714, 136
168, 840, 140
170, 119, 70
170, 170, 85
170, 255, 102
170, 408, 120
170, 680, 136
170, 986, 145
171, 190, 90
171, 342, 114
171, 912, 144
172, 172, 86
172, 516, 129
174, 87, 58
174, 174, 87
174, 348, 116
174, 667, 138
174, 870, 145
175, 70, 50
175, 450, 126
175, 700, 140
176, 66, 48
176, 80, 55
176, 176, 88
176, 308, 112
176, 528, 132
176, 792, 144
177, 354, 118
178, 178, 89
180, 20, 18
180, 36, 30
180, 45, 36
180, 60, 45
180, 90, 60
180, 120, 72
180, 144, 80
180, 180, 90
180, 220, 99
180, 225, 100
180, 252, 105
180, 270, 108
180, 360, 120
180, 420, 126
180, 468, 130
180, 495, 132
180, 540, 135
180, 630, 140
180, 720, 144
180, 900, 150
182, 14, 13
182, 156, 84
182, 182, 91
182, 455, 130
182, 494, 133
183, 366, 122
184, 184, 92
184, 345, 120
184, 552, 138
184, 874, 152
185, 740, 148
186, 93, 62
186, 186, 93
186, 372, 124
186, 775, 150
186, 930, 155
187, 102, 66
188, 188, 94
188, 564, 141
189, 54, 42
189, 252, 108
189, 378, 126
189, 540, 140
190, 171, 90
190, 190, 95
190, 285, 114
190, 532, 140
190, 760, 152
192, 64, 48
192, 96, 64
192, 192, 96
192, 320, 120
192, 384, 128
192, 576, 144
192, 832, 156
192, 960, 160
194, 194, 97
195, 30, 26
195, 130, 78
195, 312, 120
195, 390, 130
195, 650, 150
195, 780, 156
196, 147, 84
196, 196, 98
196, 490, 140
196, 588, 147
198, 44, 36
198, 99, 66
198, 126, 77
198, 165, 90
198, 198, 99
198, 286, 117
198, 396, 132
198, 528, 144
198, 693, 154
198, 891, 162
198, 990, 165
200, 50, 40
200, 120, 75
200, 200, 100
200, 300, 120
200, 425, 136
200, 600, 150
200, 800, 160
201, 402, 134
202, 202, 101
203, 638, 154
204, 68, 51
204, 85, 60
204, 102, 68
204, 204, 102
204, 374, 132
204, 408, 136
204, 612, 153
204, 663, 156
204, 952, 168
205, 820, 164
206, 206, 103
207, 322, 126
207, 414, 138
208, 48, 39
208, 130, 80
208, 208, 104
208, 468, 144
208, 624, 156
209, 152, 88
210, 15, 14
210, 35, 30
210, 42, 35
210, 84, 60
210, 90, 63
210, 105, 70
210, 140, 84
210, 210, 105
210, 231, 110
210, 240, 112
210, 280, 120
210, 315, 126
210, 378, 135
210, 420, 140
210, 490, 147
210, 525, 150
210, 672, 160
210, 690, 161
210, 770, 165
210, 840, 168
212, 212, 106
212, 636, 159
213, 426, 142
214, 214, 107
215, 860, 172
216, 27, 24
216, 72, 54
216, 108, 72
216, 216, 108
216, 270, 120
216, 360, 135
216, 432, 144
216, 513, 152
216, 648, 162
216, 756, 168
217, 744, 168
218, 218, 109
219, 438, 146
220, 22, 20
220, 55, 44
220, 180, 99
220, 220, 110
220, 264, 120
220, 330, 132
220, 385, 140
220, 660, 165
220, 748, 170
220, 880, 176
220, 990, 180
221, 68, 52
222, 111, 74
222, 222, 111
222, 444, 148
224, 32, 28
224, 168, 96
224, 224, 112
224, 288, 126
224, 560, 160
224, 672, 168
224, 800, 175
225, 150, 90
225, 180, 100
225, 400, 144
225, 450, 150
225, 900, 180
226, 226, 113
228, 76, 57
228, 114, 76
228, 133, 84
228, 228, 114
228, 456, 152
228, 494, 156
228, 684, 171
228, 855, 180
230, 230, 115
230, 299, 130
230, 345, 138
230, 828, 180
230, 920, 184
231, 132, 84
231, 210, 110
231, 308, 132
231, 462, 154
231, 616, 168
231, 858, 182
232, 232, 116
232, 609, 168
232, 696, 174
234, 90, 65
234, 104, 72
234, 117, 78
234, 234, 117
234, 273, 126
234, 442, 153
234, 468, 156
234, 780, 180
234, 819, 182
235, 940, 188
236, 236, 118
236, 708, 177
237, 474, 158
238, 51, 42
238, 238, 119
238, 340, 140
238, 595, 170
238, 918, 189
240, 16, 15
240, 48, 40
240, 60, 48
240, 80, 60
240, 120, 80
240, 144, 90
240, 160, 96
240, 210, 112
240, 240, 120
240, 336, 140
240, 360, 144
240, 400, 150
240, 480, 160
240, 528, 165
240, 560, 168
240, 660, 176
240, 720, 180
240, 912, 190
240, 960, 192
242, 242, 121
243, 486, 162
244, 244, 122
244, 732, 183
245, 98, 70
245, 980, 196
246, 123, 82
246, 246, 123
246, 492, 164
247, 114, 78
248, 248, 124
248, 713, 184
248, 744, 186
249, 498, 166
250, 250, 125
250, 375, 150
250, 1000, 200
252, 42, 36
252, 72, 56
252, 84, 63
252, 126, 84
252, 140, 90
252, 180, 105
252, 189, 108
252, 252, 126
252, 315, 140
252, 336, 144
252, 396, 154
252, 504, 168
252, 532, 171
252, 630, 180
252, 756, 189
252, 882, 196
252, 924, 198
253, 276, 132
254, 254, 127
255, 34, 30
255, 170, 102
255, 510, 170
255, 612, 180
256, 256, 128
256, 768, 192
258, 129, 86
258, 258, 129
258, 516, 172
260, 65, 52
260, 78, 60
260, 140, 91
260, 260, 130
260, 390, 156
260, 416, 160
260, 585, 180
260, 780, 195
261, 522, 174
261, 580, 180
262, 262, 131
264, 24, 22
264, 88, 66
264, 99, 72
264, 132, 88
264, 220, 120
264, 264, 132
264, 312, 143
264, 440, 165
264, 462, 168
264, 528, 176
264, 704, 192
264, 792, 198
264, 825, 200
266, 95, 70
266, 266, 133
266, 456, 168
266, 665, 190
267, 534, 178
268, 268, 134
268, 804, 201
270, 30, 27
270, 54, 45
270, 135, 90
270, 180, 108
270, 216, 120
270, 270, 135
270, 405, 162
270, 459, 170
270, 540, 180
270, 630, 189
270, 702, 195
270, 945, 210
272, 17, 16
272, 272, 136
272, 306, 144
272, 816, 204
272, 884, 208
273, 168, 104
273, 234, 126
273, 364, 156
273, 546, 182
273, 910, 210
274, 274, 137
275, 330, 150
275, 350, 154
276, 92, 69
276, 138, 92
276, 253, 132
276, 276, 138
276, 552, 184
276, 782, 204
276, 828, 207
278, 278, 139
279, 558, 186
279, 682, 198
280, 40, 35
280, 70, 56
280, 112, 80
280, 120, 84
280, 168, 105
280, 210, 120
280, 280, 140
280, 420, 168
280, 504, 180
280, 520, 182
280, 700, 200
280, 840, 210
280, 945, 216
282, 141, 94
282, 282, 141
282, 564, 188
284, 284, 142
284, 852, 213
285, 76, 60
285, 190, 114
285, 570, 190
285, 798, 210
286, 52, 44
286, 198, 117
286, 286, 143
286, 390, 165
288, 36, 32
288, 96, 72
288, 144, 96
288, 224, 126
288, 288, 144
288, 360, 160
288, 480, 180
288, 576, 192
288, 736, 207
288, 864, 216
290, 290, 145
290, 435, 174
290, 551, 190
291, 582, 194
292, 292, 146
292, 876, 219
294, 49, 42
294, 147, 98
294, 294, 147
294, 392, 168
294, 588, 196
294, 735, 210
296, 296, 148
296, 888, 222
297, 66, 54
297, 432, 176
297, 594, 198
297, 792, 216
298, 298, 149
299, 230, 130
300, 60, 50
300, 75, 60
300, 100, 75
300, 150, 100
300, 200, 120
300, 300, 150
300, 325, 156
300, 420, 175
300, 450, 180
300, 600, 200
300, 700, 210
300, 825, 220
300, 900, 225
300, 950, 228
302, 302, 151
303, 606, 202
304, 57, 48
304, 304, 152
304, 418, 176
304, 912, 228
306, 18, 17
306, 153, 102
306, 272, 144
306, 306, 153
306, 561, 198
306, 612, 204
306, 850, 225
308, 84, 66
308, 176, 112
308, 231, 132
308, 308, 154
308, 476, 187
308, 539, 196
308, 660, 210
308, 770, 220
308, 924, 231
309, 618, 206
310, 310, 155
310, 465, 186
310, 651, 210
312, 26, 24
312, 104, 78
312, 156, 104
312, 195, 120
312, 264, 143
312, 312, 156
312, 364, 168
312, 520, 195
312, 624, 208
312, 702, 216
312, 936, 234
314, 314, 157
315, 90, 70
315, 126, 90
315, 210, 126
315, 252, 140
315, 360, 168
315, 420, 180
315, 630, 210
315, 910, 234
316, 316, 158
316, 948, 237
318, 159, 106
318, 318, 159
318, 636, 212
319, 522, 198
320, 80, 64
320, 192, 120
320, 320, 160
320, 480, 192
320, 704, 220
320, 960, 240
321, 642, 214
322, 207, 126
322, 322, 161
322, 736, 224
322, 805, 230
323, 38, 34
324, 108, 81
324, 162, 108
324, 324, 162
324, 405, 180
324, 648, 216
324, 972, 243
325, 300, 156
325, 520, 200
326, 326, 163
327, 654, 218
328, 328, 164
328, 984, 246
330, 33, 30
330, 66, 55
330, 120, 88
330, 154, 105
330, 165, 110
330, 220, 132
330, 275, 150
330, 330, 165
330, 396, 180
330, 495, 198
330, 570, 209
330, 660, 220
330, 759, 230
330, 770, 231
330, 880, 240
332, 332, 166
332, 996, 249
333, 666, 222
334, 334, 167
336, 48, 42
336, 56, 48
336, 105, 80
336, 112, 84
336, 168, 112
336, 240, 140
336, 252, 144
336, 336, 168
336, 432, 189
336, 448, 192
336, 546, 208
336, 560, 210
336, 672, 224
336, 816, 238
336, 840, 240
338, 338, 169
339, 678, 226
340, 60, 51
340, 85, 68
340, 238, 140
340, 340, 170
340, 510, 204
340, 816, 240
341, 620, 220
342, 19, 18
342, 171, 114
342, 342, 171
342, 380, 180
342, 684, 228
342, 741, 234
344, 344, 172
345, 184, 120
345, 230, 138
345, 690, 230
346, 346, 173
348, 116, 87
348, 174, 116
348, 348, 174
348, 493, 204
348, 696, 232
350, 140, 100
350, 150, 105
350, 275, 154
350, 350, 175
350, 525, 210
350, 630, 225
350, 875, 250
350, 900, 252
351, 156, 108
351, 378, 182
351, 702, 234
352, 132, 96
352, 160, 110
352, 352, 176
352, 616, 224
352, 672, 231
354, 177, 118
354, 354, 177
354, 708, 236
356, 356, 178
357, 84, 68
357, 476, 204
357, 510, 210
357, 714, 238
358, 358, 179
360, 40, 36
360, 45, 40
360, 72, 60
360, 90, 72
360, 120, 90
360, 180, 120
360, 216, 135
360, 240, 144
360, 288, 160
360, 315, 168
360, 360, 180
360, 440, 198
360, 450, 200
360, 504, 210
360, 540, 216
360, 600, 225
360, 720, 240
360, 840, 252
360, 936, 260
360, 990, 264
362, 362, 181
363, 726, 242
363, 968, 264
364, 28, 26
364, 273, 156
364, 312, 168
364, 364, 182
364, 420, 195
364, 819, 252
364, 910, 260
364, 988, 266
366, 183, 122
366, 366, 183
366, 732, 244
368, 161, 112
368, 368, 184
368, 690, 240
369, 738, 246
370, 370, 185
370, 555, 222
370, 999, 270
372, 124, 93
372, 186, 124
372, 372, 186
372, 589, 228
372, 744, 248
374, 110, 85
374, 204, 132
374, 374, 187
374, 782, 253
375, 250, 150
375, 750, 250
376, 376, 188
377, 464, 208
378, 63, 54
378, 108, 84
378, 189, 126
378, 210, 135
378, 351, 182
378, 378, 189
378, 504, 216
378, 594, 231
378, 756, 252
378, 945, 270
380, 20, 19
380, 95, 76
380, 342, 180
380, 380, 190
380, 570, 228
381, 762, 254
382, 382, 191
384, 128, 96
384, 192, 128
384, 384, 192
384, 640, 240
384, 768, 256
385, 154, 110
385, 220, 140
385, 462, 210
385, 840, 264
386, 386, 193
387, 774, 258
388, 388, 194
390, 60, 52
390, 78, 65
390, 117, 90
390, 195, 130
390, 260, 156
390, 286, 165
390, 390, 195
390, 455, 210
390, 510, 221
390, 585, 234
390, 624, 240
390, 780, 260
390, 910, 273
391, 138, 102
392, 56, 49
392, 294, 168
392, 392, 196
392, 980, 280
393, 786, 262
394, 394, 197
396, 36, 33
396, 88, 72
396, 132, 99
396, 198, 132
396, 252, 154
396, 330, 180
396, 396, 198
396, 495, 220
396, 572, 234
396, 693, 252
396, 792, 264
396, 900, 275
398, 398, 199
399, 42, 38
399, 532, 228
399, 684, 252
399, 798, 266
400, 100, 80
400, 225, 144
400, 240, 150
400, 400, 200
400, 600, 240
400, 850, 272
400, 880, 275
402, 201, 134
402, 402, 201
402, 804, 268
403, 558, 234
404, 404, 202
405, 270, 162
405, 324, 180
405, 810, 270
406, 406, 203
406, 435, 210
407, 962, 286
408, 136, 102
408, 168, 119
408, 170, 120
408, 204, 136
408, 408, 204
408, 459, 216
408, 680, 255
408, 748, 264
408, 816, 272
410, 410, 205
410, 615, 246
411, 822, 274
412, 412, 206
414, 115, 90
414, 207, 138
414, 414, 207
414, 644, 252
414, 828, 276
416, 96, 78
416, 260, 160
416, 416, 208
416, 608, 247
416, 936, 288
417, 834, 278
418, 66, 57
418, 304, 176
418, 418, 209
420, 21, 20
420, 30, 28
420, 70, 60
420, 84, 70
420, 105, 84
420, 140, 105
420, 168, 120
420, 180, 126
420, 210, 140
420, 280, 168
420, 300, 175
420, 315, 180
420, 364, 195
420, 420, 210
420, 462, 220
420, 480, 224
420, 560, 240
420, 588, 245
420, 630, 252
420, 756, 270
420, 780, 273
420, 805, 276
420, 840, 280
420, 980, 294
422, 422, 211
423, 846, 282
424, 424, 212
425, 200, 136
426, 213, 142
426, 426, 213
426, 852, 284
428, 428, 214
429, 78, 66
429, 660, 260
429, 858, 286
430, 430, 215
430, 645, 258
432, 54, 48
432, 144, 108
432, 216, 144
432, 297, 176
432, 336, 189
432, 432, 216
432, 540, 240
432, 720, 270
432, 864, 288
434, 434, 217
434, 527, 238
435, 290, 174
435, 406, 210
435, 870, 290
436, 436, 218
437, 92, 76
438, 219, 146
438, 438, 219
438, 876, 292
440, 44, 40
440, 110, 88
440, 165, 120
440, 264, 165
440, 360, 198
440, 440, 220
440, 528, 240
440, 660, 264
440, 770, 280
441, 126, 98
441, 588, 252
441, 882, 294
442, 136, 104
442, 234, 153
442, 442, 221
442, 714, 273
444, 148, 111
444, 222, 148
444, 444, 222
444, 888, 296
444, 925, 300
446, 446, 223
447, 894, 298
448, 64, 56
448, 336, 192
448, 448, 224
448, 576, 252
450, 50, 45
450, 90, 75
450, 175, 126
450, 225, 150
450, 300, 180
450, 360, 200
450, 450, 225
450, 675, 270
450, 800, 288
450, 900, 300
452, 452, 226
453, 906, 302
454, 454, 227
455, 182, 130
455, 390, 210
455, 728, 280
455, 770, 286
456, 120, 95
456, 152, 114
456, 228, 152
456, 266, 168
456, 456, 228
456, 627, 264
456, 760, 285
456, 912, 304
456, 988, 312
458, 458, 229
459, 270, 170
459, 408, 216
459, 918, 306
460, 69, 60
460, 115, 92
460, 460, 230
460, 598, 260
460, 690, 276
462, 22, 21
462, 77, 66
462, 126, 99
462, 231, 154
462, 264, 168
462, 385, 210
462, 420, 220
462, 462, 231
462, 616, 264
462, 627, 266
462, 924, 308
462, 990, 315
464, 377, 208
464, 464, 232
465, 310, 186
465, 496, 240
465, 930, 310
466, 466, 233
468, 39, 36
468, 156, 117
468, 180, 130
468, 208, 144
468, 234, 156
468, 468, 234
468, 546, 252
468, 585, 260
468, 828, 299
468, 884, 306
468, 936, 312
470, 470, 235
470, 705, 282
471, 942, 314
472, 472, 236
474, 237, 158
474, 474, 237
474, 948, 316
475, 150, 114
476, 102, 84
476, 308, 187
476, 357, 204
476, 476, 238
476, 680, 280
477, 954, 318
478, 478, 239
480, 32, 30
480, 96, 80
480, 120, 96
480, 160, 120
480, 240, 160
480, 288, 180
480, 320, 192
480, 420, 224
480, 480, 240
480, 544, 255
480, 672, 280
480, 720, 288
480, 800, 300
480, 960, 320
481, 888, 312
482, 482, 241
483, 46, 42
483, 644, 276
483, 966, 322
484, 484, 242
484, 847, 308
486, 243, 162
486, 486, 243
486, 972, 324
488, 488, 244
489, 978, 326
490, 196, 140
490, 210, 147
490, 490, 245
490, 735, 294
490, 882, 315
492, 164, 123
492, 246, 164
492, 492, 246
492, 984, 328
493, 348, 204
494, 182, 133
494, 228, 156
494, 494, 247
494, 950, 325
495, 110, 90
495, 180, 132
495, 330, 198
495, 396, 220
495, 594, 270
495, 990, 330
496, 465, 240
496, 496, 248
498, 249, 166
498, 498, 249
498, 996, 332
500, 125, 100
500, 500, 250
500, 750, 300
502, 502, 251
504, 63, 56
504, 72, 63
504, 84, 72
504, 144, 112
504, 168, 126
504, 252, 168
504, 280, 180
504, 360, 210
504, 378, 216
504, 504, 252
504, 630, 280
504, 672, 288
504, 792, 308
504, 819, 312
504, 840, 315
506, 23, 22
506, 506, 253
506, 552, 264
508, 508, 254
510, 68, 60
510, 102, 85
510, 255, 170
510, 340, 204
510, 357, 210
510, 390, 221
510, 510, 255
510, 646, 285
510, 765, 306
510, 935, 330
512, 512, 256
513, 216, 152
513, 570, 270
514, 514, 257
516, 172, 129
516, 258, 172
516, 516, 258
518, 518, 259
518, 851, 322
520, 130, 104
520, 156, 120
520, 280, 182
520, 312, 195
520, 325, 200
520, 520, 260
520, 780, 312
520, 832, 320
522, 261, 174
522, 319, 198
522, 522, 261
524, 524, 262
525, 100, 84
525, 210, 150
525, 350, 210
525, 600, 280
525, 700, 300
526, 526, 263
527, 434, 238
528, 48, 44
528, 176, 132
528, 198, 144
528, 240, 165
528, 264, 176
528, 440, 240
528, 528, 264
528, 561, 272
528, 624, 286
528, 880, 330
528, 924, 336
530, 530, 265
530, 795, 318
532, 190, 140
532, 252, 171
532, 399, 228
532, 532, 266
532, 912, 336
534, 267, 178
534, 534, 267
536, 536, 268
538, 538, 269
539, 308, 196
540, 60, 54
540, 108, 90
540, 135, 108
540, 180, 135
540, 189, 140
540, 270, 180
540, 360, 216
540, 432, 240
540, 540, 270
540, 660, 297
540, 675, 300
540, 756, 315
540, 810, 324
540, 918, 340
542, 542, 271
544, 34, 32
544, 480, 255
544, 544, 272
544, 612, 288
546, 42, 39
546, 91, 78
546, 130, 105
546, 273, 182
546, 336, 208
546, 468, 252
546, 546, 273
546, 637, 294
546, 728, 312
546, 975, 350
548, 548, 274
550, 55, 50
550, 75, 66
550, 550, 275
550, 660, 300
550, 700, 308
550, 825, 330
551, 290, 190
552, 24, 23
552, 184, 138
552, 276, 184
552, 506, 264
552, 552, 276
552, 920, 345
554, 554, 277
555, 370, 222
555, 814, 330
556, 556, 278
558, 279, 186
558, 403, 234
558, 558, 279
560, 80, 70
560, 140, 112
560, 224, 160
560, 240, 168
560, 336, 210
560, 420, 240
560, 560, 280
560, 665, 304
560, 720, 315
560, 840, 336
561, 306, 198
561, 528, 272
562, 562, 281
564, 188, 141
564, 282, 188
564, 564, 282
566, 566, 283
567, 162, 126
567, 756, 324
568, 568, 284
570, 114, 95
570, 152, 120
570, 285, 190
570, 330, 209
570, 380, 228
570, 513, 270
570, 570, 285
570, 855, 342
570, 874, 345
572, 104, 88
572, 396, 234
572, 572, 286
572, 780, 330
574, 574, 287
575, 50, 46
576, 72, 64
576, 192, 144
576, 288, 192
576, 448, 252
576, 576, 288
576, 720, 320
576, 960, 360
578, 578, 289
580, 145, 116
580, 261, 180
580, 580, 290
580, 870, 348
582, 291, 194
582, 582, 291
584, 584, 292
585, 90, 78
585, 260, 180
585, 390, 234
585, 468, 260
585, 936, 360
586, 586, 293
588, 98, 84
588, 196, 147
588, 294, 196
588, 420, 245
588, 441, 252
588, 588, 294
588, 784, 336
589, 372, 228
590, 590, 295
590, 885, 354
592, 592, 296
592, 777, 336
594, 132, 108
594, 135, 110
594, 297, 198
594, 378, 231
594, 495, 270
594, 594, 297
594, 858, 351
594, 864, 352
595, 238, 170
595, 630, 306
595, 850, 350
596, 596, 298
598, 78, 69
598, 460, 260
598, 598, 299
600, 25, 24
600, 120, 100
600, 150, 120
600, 200, 150
600, 300, 200
600, 360, 225
600, 400, 240
600, 525, 280
600, 600, 300
600, 650, 312
600, 840, 350
600, 900, 360
600, 1000, 375
602, 602, 301
604, 604, 302
605, 726, 330
606, 303, 202
606, 606, 303
608, 114, 96
608, 416, 247
608, 608, 304
608, 836, 352
609, 232, 168
609, 812, 348
610, 610, 305
610, 915, 366
612, 36, 34
612, 204, 153
612, 255, 180
612, 306, 204
612, 544, 288
612, 612, 306
612, 684, 323
612, 765, 340
614, 614, 307
615, 410, 246
616, 88, 77
616, 168, 132
616, 231, 168
616, 352, 224
616, 462, 264
616, 616, 308
616, 952, 374
618, 309, 206
618, 618, 309
620, 155, 124
620, 341, 220
620, 620, 310
620, 930, 372
621, 108, 92
621, 966, 378
622, 622, 311
624, 52, 48
624, 144, 117
624, 208, 156
624, 312, 208
624, 390, 240
624, 528, 286
624, 624, 312
624, 728, 336
624, 897, 368
626, 626, 313
627, 456, 264
627, 462, 266
628, 628, 314
629, 740, 340
630, 45, 42
630, 70, 63
630, 105, 90
630, 126, 105
630, 180, 140
630, 252, 180
630, 270, 189
630, 315, 210
630, 350, 225
630, 420, 252
630, 504, 280
630, 595, 306
630, 630, 315
630, 693, 330
630, 720, 336
630, 840, 360
630, 945, 378
630, 990, 385
632, 632, 316
634, 634, 317
636, 212, 159
636, 318, 212
636, 636, 318
637, 546, 294
638, 203, 154
638, 638, 319
640, 160, 128
640, 384, 240
640, 640, 320
640, 960, 384
642, 321, 214
642, 642, 321
644, 140, 115
644, 414, 252
644, 483, 276
644, 644, 322
645, 430, 258
646, 76, 68
646, 510, 285
646, 646, 323
646, 798, 357
648, 81, 72
648, 216, 162
648, 324, 216
648, 648, 324
648, 810, 360
650, 26, 25
650, 195, 150
650, 600, 312
650, 650, 325
650, 975, 390
651, 310, 210
651, 868, 372
652, 652, 326
654, 327, 218
654, 654, 327
656, 656, 328
658, 658, 329
660, 60, 55
660, 66, 60
660, 132, 110
660, 165, 132
660, 220, 165
660, 240, 176
660, 308, 210
660, 330, 220
660, 429, 260
660, 440, 264
660, 540, 297
660, 550, 300
660, 660, 330
660, 792, 360
660, 924, 385
660, 990, 396
662, 662, 331
663, 204, 156
663, 858, 374
664, 664, 332
665, 266, 190
665, 560, 304
666, 333, 222
666, 666, 333
666, 703, 342
667, 174, 138
668, 668, 334
670, 670, 335
672, 96, 84
672, 112, 96
672, 210, 160
672, 224, 168
672, 336, 224
672, 352, 231
672, 480, 280
672, 504, 288
672, 672, 336
672, 864, 378
672, 896, 384
674, 674, 337
675, 54, 50
675, 450, 270
675, 540, 300
676, 676, 338
678, 339, 226
678, 678, 339
680, 120, 102
680, 170, 136
680, 408, 255
680, 476, 280
680, 680, 340
680, 765, 360
680, 920, 391
682, 279, 198
682, 682, 341
684, 38, 36
684, 228, 171
684, 342, 228
684, 399, 252
684, 612, 323
684, 684, 342
684, 760, 360
684, 855, 380
686, 686, 343
688, 688, 344
690, 138, 115
690, 210, 161
690, 345, 230
690, 368, 240
690, 460, 276
690, 690, 345
690, 897, 390
692, 692, 346
693, 154, 126
693, 198, 154
693, 396, 252
693, 630, 330
693, 924, 396
694, 694, 347
696, 145, 120
696, 232, 174
696, 348, 232
696, 696, 348
696, 986, 408
697, 984, 408
698, 698, 349
700, 84, 75
700, 175, 140
700, 280, 200
700, 300, 210
700, 525, 300
700, 550, 308
700, 700, 350
702, 27, 26
702, 270, 195
702, 312, 216
702, 351, 234
702, 702, 351
702, 756, 364
702, 819, 378
703, 666, 342
704, 264, 192
704, 320, 220
704, 704, 352
705, 470, 282
706, 706, 353
708, 236, 177
708, 354, 236
708, 708, 354
710, 710, 355
712, 712, 356
713, 248, 184
714, 119, 102
714, 153, 126
714, 168, 136
714, 357, 238
714, 442, 273
714, 714, 357
714, 952, 408
715, 130, 110
715, 858, 390
716, 716, 358
718, 718, 359
720, 48, 45
720, 80, 72
720, 90, 80
720, 144, 120
720, 180, 144
720, 240, 180
720, 360, 240
720, 432, 270
720, 480, 288
720, 560, 315
720, 576, 320
720, 630, 336
720, 720, 360
720, 880, 396
720, 900, 400
722, 722, 361
724, 724, 362
725, 116, 100
726, 363, 242
726, 605, 330
726, 726, 363
728, 56, 52
728, 104, 91
728, 455, 280
728, 546, 312
728, 624, 336
728, 728, 364
728, 840, 390
730, 730, 365
732, 244, 183
732, 366, 244
732, 732, 366
734, 734, 367
735, 294, 210
735, 490, 294
735, 840, 392
735, 980, 420
736, 288, 207
736, 322, 224
736, 736, 368
738, 369, 246
738, 738, 369
738, 943, 414
740, 185, 148
740, 629, 340
740, 740, 370
741, 342, 234
741, 780, 380
742, 742, 371
744, 217, 168
744, 248, 186
744, 372, 248
744, 744, 372
746, 746, 373
748, 220, 170
748, 408, 264
748, 748, 374
750, 150, 125
750, 375, 250
750, 500, 300
750, 750, 375
752, 752, 376
754, 87, 78
754, 754, 377
754, 928, 416
756, 28, 27
756, 126, 108
756, 216, 168
756, 252, 189
756, 378, 252
756, 420, 270
756, 540, 315
756, 567, 324
756, 702, 364
756, 756, 378
756, 945, 420
758, 758, 379
759, 330, 230
759, 828, 396
760, 40, 38
760, 190, 152
760, 456, 285
760, 684, 360
760, 760, 380
760, 840, 399
762, 381, 254
762, 762, 381
764, 764, 382
765, 102, 90
765, 510, 306
765, 612, 340
765, 680, 360
766, 766, 383
768, 256, 192
768, 384, 256
768, 768, 384
770, 77, 70
770, 210, 165
770, 308, 220
770, 330, 231
770, 440, 280
770, 455, 286
770, 770, 385
770, 924, 420
772, 772, 386
774, 387, 258
774, 774, 387
775, 186, 150
776, 776, 388
777, 592, 336
778, 778, 389
779, 902, 418
780, 65, 60
780, 120, 104
780, 156, 130
780, 195, 156
780, 234, 180
780, 260, 195
780, 390, 260
780, 420, 273
780, 520, 312
780, 572, 330
780, 741, 380
780, 780, 390
780, 910, 420
782, 276, 204
782, 374, 253
782, 782, 391
783, 58, 54
784, 112, 98
784, 588, 336
784, 784, 392
786, 393, 262
786, 786, 393
788, 788, 394
790, 790, 395
792, 72, 66
792, 99, 88
792, 176, 144
792, 264, 198
792, 297, 216
792, 396, 264
792, 504, 308
792, 660, 360
792, 792, 396
792, 936, 429
792, 990, 440
794, 794, 397
795, 530, 318
796, 796, 398
798, 84, 76
798, 133, 114
798, 285, 210
798, 399, 266
798, 646, 357
798, 798, 399
798, 966, 437
800, 200, 160
800, 224, 175
800, 450, 288
800, 480, 300
800, 800, 400
802, 802, 401
804, 268, 201
804, 402, 268
804, 804, 402
805, 322, 230
805, 420, 276
806, 155, 130
806, 806, 403
808, 808, 404
810, 90, 81
810, 162, 135
810, 405, 270
810, 540, 324
810, 648, 360
810, 810, 405
812, 29, 28
812, 609, 348
812, 812, 406
812, 870, 420
814, 555, 330
814, 814, 407
816, 51, 48
816, 272, 204
816, 336, 238
816, 340, 240
816, 408, 272
816, 816, 408
816, 918, 432
818, 818, 409
819, 234, 182
819, 364, 252
819, 504, 312
819, 702, 378
820, 205, 164
820, 820, 410
820, 861, 420
822, 411, 274
822, 822, 411
824, 824, 412
825, 264, 200
825, 300, 220
825, 550, 330
825, 990, 450
826, 826, 413
828, 230, 180
828, 276, 207
828, 414, 276
828, 468, 299
828, 759, 396
828, 828, 414
830, 830, 415
832, 192, 156
832, 520, 320
832, 832, 416
834, 417, 278
834, 834, 417
836, 132, 114
836, 608, 352
836, 836, 418
837, 124, 108
838, 838, 419
840, 42, 40
840, 60, 56
840, 120, 105
840, 140, 120
840, 168, 140
840, 210, 168
840, 280, 210
840, 336, 240
840, 360, 252
840, 385, 264
840, 420, 280
840, 504, 315
840, 560, 336
840, 600, 350
840, 630, 360
840, 728, 390
840, 735, 392
840, 760, 399
840, 840, 420
840, 924, 440
840, 960, 448
842, 842, 421
844, 844, 422
846, 423, 282
846, 846, 423
847, 484, 308
848, 848, 424
850, 306, 225
850, 400, 272
850, 595, 350
850, 850, 425
851, 518, 322
852, 284, 213
852, 426, 284
852, 852, 426
854, 854, 427
855, 228, 180
855, 570, 342
855, 684, 380
855, 950, 450
856, 856, 428
858, 156, 132
858, 231, 182
858, 429, 286
858, 594, 351
858, 663, 374
858, 715, 390
858, 858, 429
860, 215, 172
860, 860, 430
860, 989, 460
861, 820, 420
862, 862, 431
864, 108, 96
864, 160, 135
864, 288, 216
864, 432, 288
864, 594, 352
864, 672, 378
864, 864, 432
866, 866, 433
868, 93, 84
868, 651, 372
868, 868, 434
870, 30, 29
870, 174, 145
870, 435, 290
870, 580, 348
870, 812, 420
870, 870, 435
872, 872, 436
874, 184, 152
874, 570, 345
874, 874, 437
875, 350, 250
876, 292, 219
876, 438, 292
876, 876, 438
878, 878, 439
880, 88, 80
880, 220, 176
880, 330, 240
880, 400, 275
880, 528, 330
880, 720, 396
880, 880, 440
882, 147, 126
882, 252, 196
882, 441, 294
882, 490, 315
882, 882, 441
884, 272, 208
884, 468, 306
884, 884, 442
885, 590, 354
886, 886, 443
888, 296, 222
888, 444, 296
888, 481, 312
888, 888, 444
890, 890, 445
891, 198, 162
892, 892, 446
894, 447, 298
894, 894, 447
896, 128, 112
896, 672, 384
896, 896, 448
897, 624, 368
897, 690, 390
898, 898, 449
899, 62, 58
900, 100, 90
900, 180, 150
900, 225, 180
900, 300, 225
900, 350, 252
900, 396, 275
900, 450, 300
900, 600, 360
900, 720, 400
900, 900, 450
900, 975, 468
902, 779, 418
902, 902, 451
903, 946, 462
904, 904, 452
906, 453, 302
906, 906, 453
908, 908, 454
910, 70, 65
910, 273, 210
910, 315, 234
910, 364, 260
910, 390, 273
910, 780, 420
910, 910, 455
912, 171, 144
912, 240, 190
912, 304, 228
912, 456, 304
912, 532, 336
912, 912, 456
914, 914, 457
915, 610, 366
916, 916, 458
918, 54, 51
918, 238, 189
918, 459, 306
918, 540, 340
918, 816, 432
918, 918, 459
920, 138, 120
920, 230, 184
920, 552, 345
920, 680, 391
920, 920, 460
922, 922, 461
924, 44, 42
924, 84, 77
924, 154, 132
924, 165, 140
924, 252, 198
924, 308, 231
924, 462, 308
924, 528, 336
924, 660, 385
924, 693, 396
924, 770, 420
924, 840, 440
924, 924, 462
925, 444, 300
926, 926, 463
928, 96, 87
928, 754, 416
928, 928, 464
930, 31, 30
930, 186, 155
930, 465, 310
930, 620, 372
930, 930, 465
930, 992, 480
932, 932, 466
934, 934, 467
935, 510, 330
936, 78, 72
936, 117, 104
936, 312, 234
936, 360, 260
936, 416, 288
936, 468, 312
936, 585, 360
936, 792, 429
936, 936, 468
938, 938, 469
940, 235, 188
940, 940, 470
942, 471, 314
942, 942, 471
943, 738, 414
944, 944, 472
945, 270, 210
945, 280, 216
945, 378, 270
945, 630, 378
945, 756, 420
946, 903, 462
946, 946, 473
948, 316, 237
948, 474, 316
948, 948, 474
950, 300, 228
950, 494, 325
950, 855, 450
950, 950, 475
952, 136, 119
952, 204, 168
952, 616, 374
952, 714, 408
952, 952, 476
954, 477, 318
954, 954, 477
956, 956, 478
957, 132, 116
958, 958, 479
960, 64, 60
960, 192, 160
960, 240, 192
960, 320, 240
960, 480, 320
960, 576, 360
960, 640, 384
960, 840, 448
960, 960, 480
962, 407, 286
962, 962, 481
964, 964, 482
966, 92, 84
966, 161, 138
966, 483, 322
966, 621, 378
966, 798, 437
966, 966, 483
968, 363, 264
968, 968, 484
969, 114, 102
970, 970, 485
972, 324, 243
972, 486, 324
972, 972, 486
974, 974, 487
975, 150, 130
975, 546, 350
975, 650, 390
975, 900, 468
976, 976, 488
978, 489, 326
978, 978, 489
980, 245, 196
980, 392, 280
980, 420, 294
980, 735, 420
980, 980, 490
982, 982, 491
984, 328, 246
984, 492, 328
984, 697, 408
984, 984, 492
986, 170, 145
986, 696, 408
986, 986, 493
988, 364, 266
988, 456, 312
988, 988, 494
989, 860, 460
990, 99, 90
990, 110, 99
990, 198, 165
990, 220, 180
990, 360, 264
990, 462, 315
990, 495, 330
990, 630, 385
990, 660, 396
990, 792, 440
990, 825, 450
990, 990, 495
992, 32, 31
992, 930, 480
992, 992, 496
994, 994, 497
996, 332, 249
996, 498, 332
996, 996, 498
998, 998, 499
999, 370, 270
1000, 250, 200
1000, 600, 375
1000, 1000, 500
